1996 1 11 0.00
1996 1 12 0.00
1996 1 13 0.00
1996 1 18 0.00
1996 1 19 0.00
1996 1 23 0.00
1996 1 24 0.00
1996 1 25 0.00
1996 1 29 0.00
1996 1 30 0.00
1996 1 31 0.00
1996 1 7 0.00
1996 10 1 1.15
1996 10 12 0.98
1996 10 13 1.35
1996 10 16 1.33
1996 10 18 0.34
1996 10 2 0.00
1996 10 21 0.44
1996 10 3 0.40
1996 10 31 0.54
1996 10 5 0.43
1996 10 7 0.02
1996 10 8 0.17
1996 11 11 0.02
1996 11 12 0.00
1996 11 16 0.00
1996 11 18 0.00
1996 11 2 0.16
1996 11 21 0.01
1996 11 23 0.00
1996 11 24 0.25
1996 11 27 0.01
1996 11 29 0.00
1996 11 3 0.22
1996 11 30 0.00
1996 11 4 0.02
1996 11 5 0.03
1996 11 7 0.00
1996 11 9 0.00
1996 12 1 0.00
1996 12 11 0.00
1996 12 14 0.00
1996 12 15 0.00
1996 12 16 0.00
1996 12 18 0.00
1996 12 2 0.00
1996 12 20 0.00
1996 12 22 0.00
1996 12 24 0.00
1996 12 25 0.00
1996 12 27 0.00
1996 12 29 0.00
1996 12 30 0.00
1996 12 31 0.00
1996 12 4 0.00
1996 12 5 0.00
1996 12 9 0.00
1996 2 10 0.00
1996 2 12 0.00
1996 2 14 0.00
1996 2 17 0.06
1996 2 18 0.00
1996 2 22 0.00
1996 2 23 0.00
1996 2 24 0.00
1996 2 4 0.00
1996 2 5 0.00
1996 2 6 0.00
1996 3 28 0.00
1996 3 3 0.00
1996 3 31 0.00
1996 4 27 0.00
1996 4 28 0.00
1996 4 7 0.00
1996 5 1 0.00
1996 5 13 0.00
1996 5 16 1.40
1996 5 3 1.01
1996 5 4 0.12
1996 5 6 0.00
1996 5 8 0.00
1996 5 9 1.30
1996 6 11 0.00
1996 6 12 0.12
1996 6 13 0.00
1996 6 14 1.69
1996 6 15 0.20
1996 6 17 0.83
1996 6 18 0.98
1996 6 19 0.30
1996 6 2 0.00
1996 6 20 0.02
1996 6 22 0.02
1996 6 25 1.84
1996 6 26 1.87
1996 6 27 0.97
1996 6 28 0.41
1996 6 29 0.46
1996 6 3 0.17
1996 6 30 0.00
1996 6 6 0.05
1996 6 7 0.00
1996 6 8 0.16
1996 7 10 0.26
1996 7 11 0.00
1996 7 13 0.02
1996 7 16 0.00
1996 7 17 0.03
1996 7 18 1.00
1996 7 21 0.93
1996 7 22 0.00
1996 7 23 0.00
1996 7 24 0.11
1996 7 3 1.59
1996 7 31 0.00
1996 7 4 0.47
1996 7 5 0.00
1996 7 7 0.00
1996 8 10 1.08
1996 8 11 0.03
1996 8 12 0.00
1996 8 14 0.11
1996 8 15 0.00
1996 8 16 0.04
1996 8 17 0.02
1996 8 18 0.22
1996 8 19 0.00
1996 8 2 0.00
1996 8 20 0.00
1996 8 21 0.00
1996 8 23 0.32
1996 8 24 0.00
1996 8 28 0.22
1996 8 29 0.00
1996 8 3 0.00
1996 8 30 0.00
1996 8 31 0.00
1996 8 4 0.04
1996 8 7 0.03
1996 8 8 0.00
1996 9 1 0.61
1996 9 10 0.16
1996 9 11 0.00
1996 9 12 0.00
1996 9 14 0.48
1996 9 15 1.39
1996 9 16 0.95
1996 9 17 0.00
1996 9 18 0.55
1996 9 19 0.55
1996 9 2 0.09
1996 9 20 0.44
1996 9 21 0.00
1996 9 22 0.04
1996 9 23 0.00
1996 9 24 0.02
1996 9 25 0.24
1996 9 26 0.57
1996 9 27 1.14
1996 9 28 0.00
1996 9 3 0.68
1996 9 30 0.28
1996 9 5 0.13
1996 9 6 0.76
1996 9 8 0.59
1997 1 1 0.00
1997 1 10 0.00
1997 1 12 0.01
1997 1 14 0.00
1997 1 15 0.00
1997 1 16 0.00
1997 1 18 0.00
1997 1 20 0.00
1997 1 21 0.00
1997 1 22 0.00
1997 1 23 0.00
1997 1 24 0.00
1997 1 25 0.00
1997 1 26 0.00
1997 1 27 0.00
1997 1 28 0.00
1997 1 29 0.00
1997 1 3 0.00
1997 1 31 0.00
1997 1 4 0.00
1997 1 5 0.00
1997 1 6 0.00
1997 1 7 0.00
1997 1 8 0.21
1997 1 9 0.00
1997 2 11 0.00
1997 2 12 0.00
1997 2 15 0.00
1997 2 16 0.00
1997 2 17 0.00
1997 2 18 0.00
1997 2 19 0.00
1997 2 2 0.00
1997 2 20 0.00
1997 2 23 0.00
1997 2 24 0.00
1997 2 25 0.00
1997 2 26 0.00
1997 2 27 0.00
1997 2 28 0.00
1997 2 4 0.00
1997 2 5 0.00
1997 2 7 0.00
1997 2 8 0.00
1997 2 9 0.00
1997 3 1 0.00
1997 3 10 0.00
1997 3 14 0.00
1997 3 15 0.00
1997 3 16 0.00
1997 3 18 0.00
1997 3 19 0.00
1997 3 21 0.00
1997 3 22 0.09
1997 3 23 0.00
1997 3 24 0.00
1997 3 25 0.00
1997 3 27 0.00
1997 3 28 0.00
1997 3 29 0.00
1997 3 3 0.00
1997 3 30 0.00
1997 3 31 0.00
1997 3 8 0.00
1997 3 9 0.00
1997 4 1 0.00
1997 4 10 0.00
1997 4 11 0.00
1997 4 12 0.00
1997 4 13 0.00
1997 4 14 0.00
1997 4 17 0.00
1997 4 18 0.00
1997 4 19 0.00
1997 4 2 0.00
1997 4 20 0.00
1997 4 21 0.00
1997 4 22 0.00
1997 4 25 0.00
1997 4 26 0.13
1997 4 28 0.00
1997 4 3 0.00
1997 4 30 0.00
1997 4 4 0.00
1997 4 5 0.00
1997 4 6 0.00
1997 4 7 0.00
1997 4 8 0.00
1997 4 9 0.00
1997 5 1 0.00
1997 5 13 0.05
1997 5 14 2.60
1997 5 15 0.04
1997 5 16 0.00
1997 5 17 0.00
1997 5 18 0.00
1997 5 19 0.00
1997 5 2 0.00
1997 5 20 0.00
1997 5 21 0.00
1997 5 22 0.00
1997 5 23 0.00
1997 5 24 0.00
1997 5 25 0.00
1997 5 26 0.00
1997 5 4 0.00
1997 5 6 0.00
1997 5 7 0.00
1997 5 8 0.00
1997 5 9 0.00
1997 6 12 0.14
1997 6 13 0.44
1997 6 14 0.06
1997 6 15 0.00
1997 6 18 0.00
1997 6 19 0.63
1997 6 20 0.64
1997 6 23 0.00
1997 6 24 0.00
1997 6 25 0.00
1997 6 27 0.00
1997 6 29 0.00
1997 6 30 0.05
1997 6 6 0.48
1997 6 7 1.53
1997 7 12 0.26
1997 7 13 0.00
1997 7 14 0.02
1997 7 15 0.00
1997 7 16 0.75
1997 7 18 0.00
1997 7 22 0.00
1997 7 23 0.06
1997 7 26 0.00
1997 7 27 0.00
1997 7 28 0.09
1997 7 30 0.07
1997 7 31 0.06
1997 7 7 0.01
1997 8 10 0.03
1997 8 11 0.00
1997 8 12 0.00
1997 8 15 0.00
1997 8 16 0.03
1997 8 17 0.00
1997 8 18 0.01
1997 8 20 0.00
1997 8 21 0.00
1997 8 23 0.00
1997 8 24 0.00
1997 8 28 0.00
1997 8 29 0.04
1997 8 30 0.01
1997 8 31 0.15
1997 8 6 0.00
1997 8 7 0.00
1997 9 16 0.09
1997 9 17 0.00
1997 9 18 0.00
1997 9 19 0.00
1997 9 2 0.00
1997 9 20 0.69
1997 9 21 1.85
1997 9 22 0.96
1997 9 23 0.50
1997 9 24 0.44
1997 9 25 0.00
1997 9 4 0.02
1997 9 5 0.00
1997 9 6 0.00
1997 9 8 0.00
1997 9 9 1.83
1998 10 1 0.00
1998 10 10 0.02
1998 10 12 0.43
1998 10 13 0.00
1998 10 14 0.00
1998 10 15 0.00
1998 10 16 0.58
1998 10 17 0.00
1998 10 19 0.00
1998 10 2 0.00
1998 10 20 0.00
1998 10 21 0.54
1998 10 22 0.00
1998 10 23 0.13
1998 10 24 0.22
1998 10 26 0.00
1998 10 27 0.00
1998 10 3 0.09
1998 10 30 0.00
1998 10 31 0.00
1998 10 7 0.00
1998 10 8 0.00
1998 10 9 0.04
1998 11 10 0.58
1998 11 11 0.00
1998 11 12 0.00
1998 11 14 0.00
1998 11 16 0.03
1998 11 17 0.00
1998 11 19 0.00
1998 11 20 0.00
1998 11 21 0.03
1998 11 23 0.00
1998 11 24 0.00
1998 11 25 0.09
1998 11 26 0.00
1998 11 27 0.00
1998 11 28 0.21
1998 11 30 0.00
1998 11 5 0.00
1998 11 6 0.00
1998 11 7 0.00
1998 12 1 0.20
1998 12 10 0.06
1998 12 11 0.00
1998 12 14 0.00
1998 12 15 0.00
1998 12 16 0.00
1998 12 2 0.00
1998 12 4 0.02
1998 12 5 0.00
1998 12 6 0.17
1998 12 7 0.22
1998 12 8 0.00
1998 12 9 0.00
1998 4 20 0.00
1998 4 21 0.00
1998 4 22 0.00
1998 4 23 0.00
1998 4 24 0.00
1998 4 29 0.00
1998 4 30 0.00
1998 5 1 0.00
1998 5 11 0.00
1998 5 12 0.00
1998 5 14 0.00
1998 5 15 0.00
1998 5 16 0.00
1998 5 19 0.00
1998 5 2 0.00
1998 5 20 0.00
1998 5 21 0.00
1998 5 22 0.00
1998 5 23 0.00
1998 5 25 0.18
1998 5 26 0.00
1998 5 27 0.00
1998 5 28 0.00
1998 5 30 2.48
1998 5 4 0.00
1998 5 5 0.00
1998 5 6 0.00
1998 5 7 0.00
1998 5 8 0.00
1998 5 9 0.03
1998 6 10 0.00
1998 6 11 0.00
1998 6 13 0.00
1998 6 15 0.00
1998 6 16 0.00
1998 6 17 0.06
1998 6 18 0.00
1998 6 19 0.24
1998 6 2 0.31
1998 6 20 0.61
1998 6 22 0.00
1998 6 23 0.00
1998 6 24 0.00
1998 6 25 0.23
1998 6 26 0.01
1998 6 27 0.00
1998 6 29 0.00
1998 6 30 0.00
1998 6 4 0.00
1998 6 5 0.00
1998 6 8 0.00
1998 6 9 0.00
1998 7 1 0.00
1998 7 10 0.00
1998 7 11 0.00
1998 7 13 0.13
1998 7 15 0.70
1998 7 16 0.00
1998 7 18 0.00
1998 7 2 0.00
1998 7 20 0.00
1998 7 21 0.00
1998 7 23 0.00
1998 7 25 1.85
1998 7 27 0.07
1998 7 29 0.00
1998 7 3 0.00
1998 7 6 0.00
1998 7 7 0.54
1998 8 1 0.03
1998 8 11 0.00
1998 8 12 0.00
1998 8 14 0.00
1998 8 17 0.07
1998 8 18 0.25
1998 8 22 0.67
1998 8 24 1.30
1998 8 25 1.03
1998 8 26 0.46
1998 8 27 0.00
1998 8 28 0.00
1998 8 29 0.00
1998 8 3 0.00
1998 8 4 0.10
1998 8 6 0.00
1998 8 7 0.18
1998 8 8 0.00
1998 9 10 0.44
1998 9 11 0.99
1998 9 12 1.75
1998 9 14 0.00
1998 9 16 0.00
1998 9 19 0.00
1998 9 2 0.16
1998 9 22 0.00
1998 9 23 1.44
1998 9 24 0.83
1998 9 25 0.00
1998 9 28 0.00
1998 9 29 0.00
1998 9 3 0.10
1998 9 30 0.00
1998 9 4 0.00
1998 9 5 0.01
1998 9 7 0.00
1999 10 13 0.00
1999 10 15 0.00
1999 10 25 0.00
1999 10 26 0.00
1999 10 28 0.03
1999 10 29 0.00
1999 10 30 0.00
1999 10 31 0.20
1999 10 5 0.27
1999 10 6 0.19
1999 10 7 0.00
1999 10 8 0.00
1999 10 9 0.00
1999 11 1 0.00
1999 11 10 0.00
1999 11 11 0.00
1999 11 12 0.00
1999 11 13 0.03
1999 11 17 0.00
1999 11 18 0.00
1999 11 19 0.00
1999 11 2 0.20
1999 11 20 0.00
1999 11 22 0.02
1999 11 23 0.00
1999 11 24 0.12
1999 11 25 0.39
1999 11 26 0.00
1999 11 4 0.03
1999 11 8 0.71
1999 11 9 0.26
1999 12 1 0.00
1999 12 10 0.00
1999 12 14 0.00
1999 12 16 0.00
1999 12 3 0.00
1999 12 4 0.00
1999 12 6 0.26
1999 12 7 0.20
1999 5 10 0.00
1999 5 11 0.06
1999 5 12 0.00
1999 5 14 0.00
1999 5 17 0.17
1999 5 18 0.00
1999 5 22 0.15
1999 5 28 0.00
1999 5 31 0.00
1999 5 6 0.00
1999 6 11 0.04
1999 6 14 0.03
1999 6 15 0.35
1999 6 17 0.00
1999 6 21 0.64
1999 6 23 0.00
1999 6 25 0.09
1999 6 26 0.00
1999 6 28 0.00
1999 6 30 0.71
1999 6 8 0.00
1999 6 9 0.07
1999 7 1 0.88
1999 7 16 0.00
1999 7 19 0.00
1999 7 2 0.43
1999 7 20 0.00
1999 7 21 0.00
1999 7 23 0.00
1999 7 26 0.00
1999 7 3 0.00
1999 7 9 0.00
1999 8 11 0.00
1999 8 12 0.01
1999 8 17 0.00
1999 8 19 0.79
1999 8 20 1.61
1999 8 21 0.27
1999 8 5 0.71
1999 8 6 0.00
1999 8 7 0.00
1999 8 9 0.13
1999 9 1 0.00
1999 9 13 0.00
1999 9 2 0.09
1999 9 23 0.69
1999 9 25 0.23
1999 9 27 0.87
1999 9 28 0.00
1999 9 4 0.12
1999 9 6 0.03
1999 9 7 0.00
1999 9 8 0.34
2000 10 11 0.17
2000 10 12 0.00
2000 10 14 0.13
2000 10 15 0.45
2000 10 16 0.35
2000 10 17 0.00
2000 10 18 0.00
2000 10 19 0.00
2000 10 2 0.00
2000 10 20 0.00
2000 10 21 0.33
2000 10 23 0.63
2000 10 27 0.00
2000 10 3 0.03
2000 10 31 1.20
2000 10 4 0.00
2000 10 5 0.24
2000 10 6 0.61
2000 11 1 0.00
2000 11 13 0.00
2000 11 14 0.00
2000 11 15 0.00
2000 11 17 0.00
2000 11 20 0.59
2000 11 21 0.00
2000 11 23 0.00
2000 11 24 0.00
2000 11 25 0.00
2000 11 27 0.00
2000 11 29 0.19
2000 11 4 0.00
2000 11 8 0.00
2000 12 1 0.00
2000 12 11 0.00
2000 12 12 0.00
2000 12 15 0.00
2000 12 16 0.00
2000 12 18 0.00
2000 12 19 0.00
2000 12 21 0.00
2000 12 22 0.00
2000 12 23 0.00
2000 12 24 0.00
2000 12 26 0.00
2000 12 27 0.00
2000 12 3 5.99
2000 12 30 0.00
2000 12 31 0.00
2000 12 5 0.00
2000 12 8 0.00
2000 5 15 0.04
2000 5 16 0.00
2000 5 17 0.08
2000 5 20 0.00
2000 5 25 0.03
2000 5 26 0.05
2000 5 27 0.00
2000 5 28 0.94
2000 5 29 0.02
2000 5 30 0.00
2000 5 31 1.67
2000 5 8 0.61
2000 6 1 0.00
2000 6 10 0.15
2000 6 11 0.00
2000 6 13 0.03
2000 6 14 0.00
2000 6 15 0.04
2000 6 19 0.00
2000 6 2 1.26
2000 6 21 0.00
2000 6 23 0.04
2000 6 24 0.00
2000 6 25 0.03
2000 6 28 0.00
2000 6 29 0.00
2000 6 3 0.35
2000 6 30 0.00
2000 6 8 0.52
2000 6 9 0.00
2000 7 10 0.00
2000 7 12 0.00
2000 7 13 0.00
2000 7 14 0.04
2000 7 15 0.00
2000 7 16 0.00
2000 7 17 0.01
2000 7 18 0.00
2000 7 20 0.00
2000 7 23 0.05
2000 7 24 0.00
2000 7 26 0.08
2000 7 28 0.43
2000 7 29 0.00
2000 7 3 0.00
2000 7 4 0.00
2000 7 6 0.70
2000 7 7 0.00
2000 7 8 0.54
2000 7 9 0.00
2000 8 10 0.00
2000 8 12 0.00
2000 8 14 0.03
2000 8 15 0.00
2000 8 16 0.00
2000 8 18 0.00
2000 8 19 0.00
2000 8 3 0.03
2000 8 30 0.06
2000 8 31 1.09
2000 8 4 0.41
2000 8 5 0.00
2000 8 6 0.07
2000 8 7 0.00
2000 8 9 0.36
2000 9 1 0.62
2000 9 11 1.22
2000 9 14 0.00
2000 9 16 1.04
2000 9 17 0.00
2000 9 19 0.71
2000 9 2 0.00
2000 9 20 0.79
2000 9 21 0.43
2000 9 24 0.06
2000 9 25 0.61
2000 9 27 0.00
2000 9 29 0.11
2000 9 30 0.00
2000 9 4 0.05
2000 9 5 0.00
2000 9 6 0.23
2000 9 7 0.00
2001 1 10 0.00
2001 1 12 0.00
2001 1 13 0.00
2001 1 15 0.00
2001 1 16 0.00
2001 1 17 0.00
2001 1 18 0.00
2001 1 20 0.00
2001 1 23 0.01
2001 1 25 0.00
2001 1 26 0.00
2001 1 27 0.00
2001 1 29 0.00
2001 1 3 0.36
2001 1 30 0.00
2001 1 31 0.00
2001 1 4 0.00
2001 1 5 0.00
2001 1 8 0.00
2001 2 1 0.00
2001 2 10 0.00
2001 2 11 0.00
2001 2 12 0.00
2001 2 13 0.00
2001 2 14 0.00
2001 2 15 0.00
2001 2 2 0.00
2001 2 20 0.00
2001 2 21 0.00
2001 2 22 0.00
2001 2 23 0.00
2001 2 25 0.00
2001 2 27 0.00
2001 2 28 0.00
2001 2 3 0.00
2001 2 5 0.00
2001 2 6 0.00
2001 2 7 0.00
2001 2 8 0.00
2001 2 9 0.00
2001 3 1 0.00
2001 3 11 0.00
2001 3 12 0.00
2001 3 13 0.00
2001 3 14 0.00
2001 3 15 0.00
2001 3 16 0.00
2001 3 19 0.00
2001 3 2 0.00
2001 3 20 0.00
2001 3 21 0.00
2001 3 22 0.00
2001 3 23 0.00
2001 3 24 0.00
2001 3 25 0.00
2001 3 26 0.00
2001 3 27 0.00
2001 3 28 0.00
2001 3 30 0.00
2001 3 31 0.00
2001 3 4 0.00
2001 3 5 0.00
2001 3 6 0.00
2001 3 7 0.00
2001 4 10 0.00
2001 4 11 0.00
2001 4 12 0.00
2001 4 17 0.04
2001 4 18 0.04
2001 4 19 0.00
2001 4 2 0.00
2001 4 20 0.00
2001 4 23 0.00
2001 4 24 0.00
2001 4 25 0.00
2001 4 26 0.00
2001 4 27 0.00
2001 4 28 0.00
2001 4 3 0.00
2001 4 30 0.00
2001 4 4 0.00
2001 4 6 0.00
2001 4 7 0.00
2001 5 1 0.00
2001 5 11 0.16
2001 5 12 0.02
2001 5 13 0.00
2001 5 15 6.15
2001 5 16 0.64
2001 5 17 0.37
2001 5 18 0.99
2001 5 2 0.00
2001 5 22 0.16
2001 5 24 0.79
2001 5 25 0.00
2001 5 26 0.04
2001 5 28 0.03
2001 5 29 0.00
2001 5 3 0.00
2001 5 31 1.96
2001 5 4 0.00
2001 5 5 0.00
2001 5 6 0.00
2001 5 7 0.00
2001 5 8 0.00
2001 6 1 0.04
2001 6 10 0.69
2001 6 12 0.04
2001 6 13 0.34
2001 6 14 0.00
2001 6 15 0.00
2001 6 18 0.00
2001 6 19 0.00
2001 6 2 0.00
2001 6 20 0.00
2001 6 21 0.02
2001 6 22 0.02
2001 6 26 0.00
2001 6 27 0.00
2001 6 5 0.67
2001 6 6 0.02
2001 6 7 1.00
2001 6 8 0.00
2001 7 10 0.45
2001 7 11 0.05
2001 7 12 0.85
2001 7 13 0.00
2001 7 14 0.00
2001 7 17 0.00
2001 7 23 0.00
2001 7 26 0.00
2001 7 5 0.00
2001 7 8 0.00
2001 8 10 0.90
2003 10 1 0.05
2003 10 10 1.48
2003 10 15 0.08
2003 10 17 0.00
2003 10 18 0.00
2003 10 2 0.44
2003 10 20 0.28
2003 10 21 0.69
2003 10 22 0.00
2003 10 23 0.67
2003 10 24 0.52
2003 10 25 0.79
2003 10 28 1.19
2003 10 29 0.31
2003 10 3 0.00
2003 10 30 1.03
2003 10 6 0.00
2003 10 7 0.00
2003 10 8 0.39
2003 10 9 0.00
2003 11 10 0.55
2003 11 14 0.02
2003 11 15 0.11
2003 11 17 0.00
2003 11 20 0.00
2003 11 21 0.00
2003 11 22 0.00
2003 11 24 0.34
2003 11 3 0.47
2003 11 5 2.62
2003 11 6 0.00
2003 11 7 0.00
2003 11 8 0.00
2003 5 13 0.17
2003 5 15 0.00
2003 5 17 0.31
2003 5 19 0.45
2003 5 21 0.00
2003 5 22 0.00
2003 5 24 1.42
2003 5 28 0.09
2003 5 29 0.00
2003 5 30 0.00
2003 5 31 0.04
2003 6 10 0.00
2003 6 11 0.00
2003 6 12 0.13
2003 6 13 0.00
2003 6 14 0.94
2003 6 16 1.02
2003 6 17 0.00
2003 6 2 0.97
2003 6 20 0.00
2003 6 23 0.00
2003 6 25 0.00
2003 6 26 0.02
2003 6 27 0.00
2003 6 3 0.31
2003 6 30 0.00
2003 6 4 0.00
2003 6 5 0.82
2003 6 6 0.60
2003 6 7 0.12
2003 6 9 0.00
2003 7 1 0.30
2003 7 10 0.00
2003 7 11 0.00
2003 7 12 0.24
2003 7 15 0.00
2003 7 17 0.04
2003 7 19 0.00
2003 7 2 0.00
2003 7 22 0.01
2003 7 23 0.00
2003 7 28 0.74
2003 7 29 0.05
2003 7 3 0.05
2003 7 30 0.00
2003 7 31 0.22
2003 7 4 0.31
2003 7 5 0.00
2003 7 7 0.00
2003 8 1 0.00
2003 8 11 0.00
2003 8 13 0.87
2003 8 14 0.00
2003 8 15 0.69
2003 8 16 0.00
2003 8 18 0.00
2003 8 19 0.04
2003 8 2 0.00
2003 8 20 0.00
2003 8 21 0.00
2003 8 22 0.00
2003 8 23 0.00
2003 8 25 0.26
2003 8 26 0.00
2003 8 27 0.00
2003 8 28 0.04
2003 8 6 0.00
2003 8 9 0.04
2003 9 1 0.34
2003 9 10 0.00
2003 9 11 0.05
2003 9 12 0.00
2003 9 13 0.00
2003 9 15 0.00
2003 9 16 0.09
2003 9 17 0.00
2003 9 18 0.00
2003 9 19 0.34
2003 9 2 0.33
2003 9 20 0.00
2003 9 22 0.00
2003 9 24 0.93
2003 9 25 0.00
2003 9 26 0.20
2003 9 29 0.57
2003 9 3 0.00
2003 9 30 0.00
2003 9 4 0.00
2003 9 5 0.00
2003 9 7 0.83
2003 9 8 0.00
2004 1 27 0.00
2004 1 28 0.00
2004 1 29 0.00
2004 1 31 2.06
2004 10 1 0.00
2004 10 11 0.07
2004 10 12 0.16
2004 10 13 0.72
2004 10 14 0.00
2004 10 15 0.00
2004 10 16 0.15
2004 10 18 0.00
2004 10 19 0.03
2004 10 2 1.14
2004 10 20 0.76
2004 10 21 0.01
2004 10 22 0.35
2004 10 23 0.25
2004 10 25 0.02
2004 10 26 0.00
2004 10 27 0.31
2004 10 28 0.00
2004 10 29 1.49
2004 10 30 0.75
2004 10 4 0.24
2004 10 5 0.91
2004 10 6 0.55
2004 10 7 0.08
2004 10 8 0.67
2004 10 9 0.85
2004 11 1 0.00
2004 11 10 0.01
2004 11 11 0.00
2004 11 12 0.00
2004 11 13 0.00
2004 11 15 0.06
2004 11 16 0.00
2004 11 17 0.28
2004 11 18 0.00
2004 11 19 0.00
2004 11 2 0.47
2004 11 20 0.00
2004 11 22 0.10
2004 11 23 0.78
2004 11 24 0.10
2004 11 25 0.00
2004 11 26 0.00
2004 11 27 0.22
2004 11 3 0.01
2004 11 30 0.00
2004 11 4 0.28
2004 11 5 0.00
2004 11 6 1.13
2004 11 8 0.00
2004 11 9 0.00
2004 12 10 0.00
2004 12 11 0.00
2004 12 13 0.00
2004 12 14 0.00
2004 12 15 0.06
2004 12 16 0.00
2004 12 17 0.00
2004 12 18 0.00
2004 12 2 0.00
2004 12 20 0.00
2004 12 21 0.00
2004 12 22 0.00
2004 12 23 0.00
2004 12 24 0.00
2004 12 25 0.00
2004 12 27 0.00
2004 12 4 0.00
2004 12 7 0.16
2004 12 9 0.00
2004 2 1 0.00
2004 2 2 0.00
2004 5 17 0.00
2004 5 18 0.08
2004 5 21 1.20
2004 5 23 2.21
2004 5 25 0.00
2004 5 26 1.09
2004 5 27 0.00
2004 5 28 0.04
2004 5 29 0.00
2004 5 30 0.00
2004 5 31 0.00
2004 6 10 0.09
2004 6 11 0.00
2004 6 12 0.04
2004 6 13 0.01
2004 6 15 0.28
2004 6 16 0.00
2004 6 17 0.00
2004 6 18 0.00
2004 6 20 0.01
2004 6 21 0.00
2004 6 22 0.00
2004 6 23 0.00
2004 6 24 0.00
2004 6 25 0.00
2004 6 27 0.00
2004 6 28 0.00
2004 6 29 0.00
2004 6 3 0.29
2004 6 30 0.12
2004 6 4 0.00
2004 6 5 0.00
2004 6 7 0.04
2004 6 8 0.00
2004 6 9 0.00
2004 7 10 0.08
2004 7 11 0.00
2004 7 12 0.06
2004 7 13 0.00
2004 7 14 0.06
2004 7 15 0.01
2004 7 16 0.26
2004 7 18 0.56
2004 7 19 0.00
2004 7 2 0.00
2004 7 20 0.11
2004 7 21 0.00
2004 7 22 0.00
2004 7 23 0.02
2004 7 24 0.67
2004 7 25 0.59
2004 7 26 0.00
2004 7 27 0.00
2004 7 28 0.00
2004 7 29 0.37
2004 7 3 0.42
2004 7 31 0.00
2004 7 4 0.00
2004 7 6 0.41
2004 7 7 0.45
2004 7 8 0.28
2004 7 9 0.00
2004 8 1 0.00
2004 8 10 0.00
2004 8 11 0.00
2004 8 12 0.00
2004 8 13 0.85
2004 8 14 0.00
2004 8 16 1.84
2004 8 18 0.00
2004 8 19 0.00
2004 8 20 0.00
2004 8 21 0.02
2004 8 22 0.00
2004 8 23 1.16
2004 8 24 0.92
2004 8 25 0.31
2004 8 26 0.10
2004 8 27 0.67
2004 8 28 0.42
2004 8 29 0.57
2004 8 30 0.00
2004 8 31 0.00
2004 8 4 0.00
2004 8 5 0.16
2004 8 6 0.00
2004 8 7 0.00
2004 8 8 0.00
2004 8 9 0.00
2004 9 1 0.44
2004 9 10 0.00
2004 9 11 0.13
2004 9 13 0.28
2004 9 14 0.05
2004 9 15 0.00
2004 9 16 0.49
2004 9 17 0.04
2004 9 18 0.02
2004 9 2 0.02
2004 9 20 0.23
2004 9 21 0.08
2004 9 22 0.62
2004 9 23 0.56
2004 9 24 0.36
2004 9 25 0.02
2004 9 27 0.12
2004 9 28 0.00
2004 9 29 0.57
2004 9 3 0.56
2004 9 30 0.71
2004 9 4 0.00
2004 9 7 3.04
2004 9 8 1.87
2004 9 9 0.49
2005 1 10 0.35
2005 1 11 0.00
2005 1 12 0.00
2005 1 13 0.00
2005 1 14 0.00
2005 1 15 0.00
2005 1 17 0.00
2005 1 18 0.00
2005 1 19 0.00
2005 1 20 0.00
2005 1 21 0.00
2005 1 22 0.00
2005 1 24 0.00
2005 1 25 0.00
2005 1 26 0.00
2005 1 27 0.00
2005 1 28 0.00
2005 1 3 0.00
2005 1 31 0.00
2005 1 4 0.00
2005 1 5 0.00
2005 1 6 0.00
2005 1 7 0.00
2005 1 8 0.00
2005 10 1 0.00
2005 10 10 0.89
2005 10 11 0.88
2005 10 12 0.30
2005 10 13 1.12
2005 10 14 0.41
2005 10 15 1.08
2005 10 16 0.24
2005 10 17 0.02
2005 10 18 0.21
2005 10 19 0.08
2005 10 2 0.19
2005 10 20 1.13
2005 10 21 1.07
2005 10 22 1.59
2005 10 23 1.47
2005 10 24 0.64
2005 10 25 0.10
2005 10 26 1.70
2005 10 27 0.02
2005 10 28 0.00
2005 10 29 0.00
2005 10 3 1.31
2005 10 31 0.01
2005 10 4 0.73
2005 10 5 0.00
2005 10 6 0.04
2005 10 7 0.00
2005 10 8 0.01
2005 10 9 0.42
2005 11 1 0.02
2005 11 10 0.05
2005 11 11 0.83
2005 11 12 0.06
2005 11 13 0.11
2005 11 15 0.01
2005 11 16 0.00
2005 11 17 0.01
2005 11 18 0.31
2005 11 2 0.23
2005 11 20 0.12
2005 11 22 0.00
2005 11 23 0.32
2005 11 24 0.00
2005 11 25 0.00
2005 11 27 0.18
2005 11 28 0.02
2005 11 29 0.00
2005 11 3 0.00
2005 11 30 0.00
2005 11 4 0.22
2005 11 8 0.26
2005 12 1 0.00
2005 12 10 0.00
2005 12 11 0.00
2005 12 12 0.12
2005 12 14 0.00
2005 12 15 0.00
2005 12 16 0.00
2005 12 17 0.00
2005 12 19 0.00
2005 12 2 0.00
2005 12 20 0.00
2005 12 21 0.00
2005 12 23 0.00
2005 12 25 0.00
2005 12 26 0.99
2005 12 27 0.03
2005 12 28 0.00
2005 12 30 0.00
2005 12 31 0.00
2005 12 4 0.00
2005 12 5 0.00
2005 12 6 0.00
2005 12 8 0.00
2005 12 9 0.00
2005 2 1 0.00
2005 2 10 0.00
2005 2 11 0.00
2005 2 12 0.00
2005 2 14 0.00
2005 2 15 0.00
2005 2 16 0.00
2005 2 17 0.00
2005 2 18 0.00
2005 2 19 0.00
2005 2 21 0.00
2005 2 22 0.00
2005 2 23 0.00
2005 2 24 0.00
2005 2 25 0.00
2005 2 26 0.26
2005 2 28 0.00
2005 2 3 0.00
2005 2 4 0.00
2005 2 7 0.00
2005 2 8 0.00
2005 2 9 0.00
2005 3 1 0.00
2005 3 10 0.00
2005 3 11 0.83
2005 3 14 0.00
2005 3 15 0.00
2005 3 16 0.00
2005 3 17 0.00
2005 3 18 0.00
2005 3 19 0.00
2005 3 20 0.00
2005 3 21 0.00
2005 3 23 0.07
2005 3 24 0.22
2005 3 25 0.00
2005 3 26 0.00
2005 3 27 0.00
2005 3 28 0.00
2005 3 29 0.21
2005 3 3 0.00
2005 3 30 0.00
2005 3 31 0.00
2005 3 4 0.00
2005 3 5 0.00
2005 3 7 0.00
2005 3 8 0.00
2005 3 9 0.04
2005 4 1 0.00
2005 4 10 0.00
2005 4 11 3.20
2005 4 12 0.00
2005 4 13 0.00
2005 4 15 0.00
2005 4 16 0.00
2005 4 17 0.00
2005 4 18 0.00
2005 4 19 0.00
2005 4 2 0.00
2005 4 20 0.00
2005 4 21 0.00
2005 4 22 0.00
2005 4 23 0.00
2005 4 24 0.00
2005 4 25 0.00
2005 4 26 0.00
2005 4 27 0.00
2005 4 28 0.00
2005 4 29 0.00
2005 4 3 0.00
2005 4 30 0.00
2005 4 4 0.00
2005 4 5 0.00
2005 4 6 0.00
2005 4 7 0.00
2005 4 8 0.00
2005 4 9 0.00
2005 5 1 0.00
2005 5 10 0.00
2005 5 11 1.02
2005 5 12 0.00
2005 5 13 0.00
2005 5 14 0.10
2005 5 15 0.00
2005 5 16 0.00
2005 5 17 0.02
2005 5 18 0.05
2005 5 19 0.56
2005 5 2 0.00
2005 5 20 0.16
2005 5 21 0.24
2005 5 22 0.01
2005 5 23 0.00
2005 5 24 0.32
2005 5 25 0.00
2005 5 27 0.00
2005 5 28 0.27
2005 5 29 0.00
2005 5 3 0.00
2005 5 30 0.00
2005 5 31 0.00
2005 5 4 0.00
2005 5 5 0.90
2005 5 6 0.15
2005 5 7 0.00
2005 5 8 0.00
2005 5 9 0.00
2005 6 1 0.23
2005 6 10 0.15
2005 6 11 0.08
2005 6 13 0.00
2005 6 14 0.01
2005 6 15 0.51
2005 6 17 0.09
2005 6 18 0.00
2005 6 19 0.11
2005 6 2 0.00
2005 6 20 0.20
2005 6 21 0.00
2005 6 22 1.19
2005 6 23 0.49
2005 6 24 0.02
2005 6 25 0.44
2005 6 26 1.90
2005 6 27 0.00
2005 6 28 0.05
2005 6 29 0.00
2005 6 3 0.50
2005 6 30 0.14
2005 6 4 0.03
2005 6 5 0.37
2005 6 6 0.51
2005 6 7 0.03
2005 6 8 1.85
2005 6 9 0.65
2005 7 1 0.00
2005 7 10 0.14
2005 7 11 0.04
2005 7 12 0.73
2005 7 13 0.13
2005 7 14 0.00
2005 7 15 0.03
2005 7 16 0.97
2005 7 17 0.13
2005 7 18 0.23
2005 7 19 0.00
2005 7 2 0.31
2005 7 20 0.25
2005 7 21 0.07
2005 7 22 0.04
2005 7 23 0.00
2005 7 24 0.39
2005 7 25 0.01
2005 7 26 0.07
2005 7 27 0.00
2005 7 28 0.04
2005 7 29 0.00
2005 7 3 0.80
2005 7 30 0.06
2005 7 31 0.04
2005 7 4 0.00
2005 7 5 0.00
2005 7 6 0.00
2005 7 7 0.00
2005 7 8 0.00
2005 7 9 0.00
2005 8 1 0.00
2005 8 10 0.02
2005 8 11 0.01
2005 8 12 1.33
2005 8 13 0.00
2005 8 15 1.04
2005 8 16 0.21
2005 8 17 0.25
2005 8 18 0.00
2005 8 19 0.09
2005 8 2 0.00
2005 8 22 0.02
2005 8 23 0.00
2005 8 24 0.31
2005 8 25 0.94
2005 8 26 0.30
2005 8 27 1.46
2005 8 28 0.00
2005 8 29 0.30
2005 8 30 0.00
2005 8 31 0.00
2005 8 4 0.00
2005 8 5 0.00
2005 8 6 0.00
2005 8 8 0.00
2005 8 9 0.00
2005 9 1 0.00
2005 9 10 0.00
2005 9 11 0.00
2005 9 12 0.00
2005 9 14 0.03
2005 9 15 0.00
2005 9 16 0.00
2005 9 18 1.30
2005 9 19 1.31
2005 9 20 1.48
2005 9 21 1.83
2005 9 22 0.80
2005 9 23 0.10
2005 9 24 1.36
2005 9 25 0.00
2005 9 29 1.15
2005 9 3 0.67
2005 9 30 0.72
2005 9 4 0.48
2005 9 6 1.38
2005 9 7 0.00
2005 9 8 0.05
2005 9 9 0.02
2006 1 1 0.00
2006 1 10 0.01
2006 1 11 0.00
2006 1 12 0.00
2006 1 13 0.00
2006 1 15 0.09
2006 1 17 0.00
2006 1 18 0.00
2006 1 19 0.00
2006 1 2 0.00
2006 1 20 0.00
2006 1 21 0.00
2006 1 22 0.00
2006 1 23 0.00
2006 1 24 0.00
2006 1 25 0.00
2006 1 27 0.00
2006 1 28 0.00
2006 1 29 0.00
2006 1 3 0.00
2006 1 30 0.00
2006 1 31 0.02
2006 1 4 0.00
2006 1 7 0.00
2006 1 8 0.00
2006 1 9 0.00
2006 10 11 0.00
2006 10 14 0.00
2006 10 17 0.04
2006 10 18 0.07
2006 10 19 0.48
2006 10 25 0.00
2006 10 26 0.00
2006 10 29 0.00
2006 10 3 0.00
2006 10 30 0.00
2006 10 6 0.00
2006 11 10 0.00
2006 11 14 0.07
2006 11 15 0.00
2006 11 17 1.39
2006 11 19 0.02
2006 11 2 0.34
2006 11 20 0.00
2006 11 21 0.00
2006 11 22 0.00
2006 11 23 0.00
2006 11 24 0.00
2006 11 25 0.00
2006 11 26 0.00
2006 11 28 0.14
2006 11 29 0.00
2006 11 3 1.01
2006 11 4 0.81
2006 11 5 0.00
2006 11 6 0.00
2006 11 8 1.04
2006 11 9 0.85
2006 12 1 1.09
2006 12 10 0.00
2006 12 12 0.28
2006 12 13 0.00
2006 12 2 0.03
2006 12 4 0.00
2006 12 5 0.00
2006 12 7 0.00
2006 2 10 0.00
2006 2 11 0.00
2006 2 13 0.00
2006 2 14 0.00
2006 2 15 0.00
2006 2 17 0.00
2006 2 18 0.00
2006 2 19 0.00
2006 2 20 0.00
2006 2 21 0.00
2006 2 22 0.00
2006 2 23 0.00
2006 2 25 0.00
2006 2 26 0.00
2006 2 27 0.00
2006 2 28 0.00
2006 2 4 0.08
2006 2 5 0.39
2006 2 6 0.00
2006 2 8 0.00
2006 2 9 0.00
2006 3 1 0.00
2006 3 10 0.00
2006 3 12 0.00
2006 3 13 0.00
2006 3 14 0.00
2006 3 15 0.00
2006 3 16 0.00
2006 3 17 0.00
2006 3 19 0.00
2006 3 2 0.00
2006 3 22 0.00
2006 3 23 0.00
2006 3 24 0.00
2006 3 25 0.00
2006 3 27 0.00
2006 3 28 0.00
2006 3 29 0.00
2006 3 3 0.00
2006 3 30 0.00
2006 3 31 0.00
2006 3 4 0.00
2006 3 5 0.00
2006 3 6 0.00
2006 3 7 0.00
2006 3 8 0.00
2006 3 9 0.00
2006 4 1 0.00
2006 4 11 0.00
2006 4 12 0.00
2006 4 14 0.00
2006 4 16 0.00
2006 4 17 0.00
2006 4 18 0.00
2006 4 2 0.00
2006 4 20 0.38
2006 4 21 0.00
2006 4 22 0.00
2006 4 23 0.06
2006 4 24 0.00
2006 4 27 0.47
2006 4 28 0.43
2006 4 29 0.14
2006 4 3 0.00
2006 4 30 0.00
2006 4 4 0.00
2006 4 5 0.00
2006 4 7 0.00
2006 4 8 0.00
2006 5 1 0.00
2006 5 10 1.50
2006 5 11 0.76
2006 5 12 0.35
2006 5 13 0.22
2006 5 14 0.00
2006 5 16 0.67
2006 5 17 0.05
2006 5 18 0.79
2006 5 19 0.41
2006 5 20 0.32
2006 5 21 0.00
2006 5 22 0.62
2006 5 23 0.15
2006 5 24 0.00
2006 5 26 0.89
2006 5 27 0.00
2006 5 28 0.78
2006 5 29 0.00
2006 5 3 0.00
2006 5 31 0.93
2006 5 4 0.00
2006 5 5 0.00
2006 5 7 0.19
2006 5 8 1.16
2006 5 9 0.00
2006 6 1 0.11
2006 6 10 0.00
2006 6 11 0.39
2006 6 12 0.76
2006 6 13 0.00
2006 6 14 1.19
2006 6 2 0.02
2006 6 25 0.31
2006 6 26 0.29
2006 6 27 0.36
2006 6 28 0.00
2006 6 3 0.00
2006 6 30 0.07
2006 6 4 0.77
2006 6 5 0.32
2006 6 6 1.02
2006 6 7 0.40
2006 7 1 0.04
2006 7 10 2.63
2006 7 11 0.04
2006 7 12 0.00
2006 7 13 0.02
2006 7 14 0.66
2006 7 15 0.00
2006 7 16 0.33
2006 7 17 1.15
2006 7 18 0.00
2006 7 19 1.14
2006 7 2 0.00
2006 7 20 0.39
2006 7 22 0.47
2006 7 23 0.00
2006 7 25 0.31
2006 7 26 0.00
2006 7 27 0.07
2006 7 28 0.00
2006 7 29 0.05
2006 7 30 0.59
2006 7 31 0.00
2006 7 4 0.47
2006 7 5 0.00
2006 7 6 0.03
2006 7 7 0.31
2006 7 8 0.00
2006 7 9 0.03
2006 8 1 0.95
2006 8 2 0.00
2006 8 26 0.26
2006 8 27 0.44
2006 8 4 0.05
2006 8 5 0.00
2006 8 9 0.00
2006 9 27 0.65
2006 9 28 0.00
2006 9 5 0.00
2006 9 7 1.59
2007 10 1 0.48
2007 10 10 0.95
2007 10 11 2.82
2007 10 12 0.29
2007 10 13 0.00
2007 10 15 0.72
2007 10 16 0.00
2007 10 17 0.37
2007 10 18 0.33
2007 10 19 0.12
2007 10 2 0.93
2007 10 20 0.33
2007 10 21 0.00
2007 10 22 0.74
2007 10 25 0.02
2007 10 26 0.02
2007 10 27 0.00
2007 10 29 0.50
2007 10 3 0.00
2007 10 30 0.01
2007 10 31 0.76
2007 10 4 0.29
2007 10 5 0.96
2007 10 6 2.52
2007 10 7 0.30
2007 10 8 0.00
2007 11 1 1.04
2007 11 10 0.00
2007 11 11 0.04
2007 11 13 0.17
2007 11 14 1.32
2007 11 15 0.00
2007 11 16 0.00
2007 11 17 0.00
2007 11 2 0.00
2007 11 20 0.04
2007 11 21 0.20
2007 11 22 0.00
2007 11 23 0.01
2007 11 24 0.00
2007 11 26 0.00
2007 11 28 0.00
2007 11 3 0.54
2007 11 30 0.10
2007 11 4 0.68
2007 11 5 0.00
2007 11 6 0.61
2007 11 7 0.00
2007 11 8 0.82
2007 11 9 0.00
2007 12 1 0.00
2007 12 10 0.04
2007 12 11 0.00
2007 12 12 0.00
2007 12 13 0.00
2007 12 14 0.00
2007 12 15 0.00
2007 12 19 0.00
2007 12 2 0.00
2007 12 21 0.00
2007 12 23 0.00
2007 12 24 0.00
2007 12 25 0.12
2007 12 26 0.00
2007 12 27 0.00
2007 12 28 0.00
2007 12 3 0.00
2007 12 30 0.00
2007 12 31 0.00
2007 12 5 0.01
2007 12 6 0.00
2007 12 7 0.00
2007 12 8 0.00
2007 6 1 0.43
2007 6 10 0.20
2007 6 11 0.00
2007 6 12 0.00
2007 6 16 0.00
2007 6 18 0.00
2007 6 2 0.00
2007 6 21 0.17
2007 6 22 0.00
2007 6 23 0.35
2007 6 24 0.30
2007 6 25 0.00
2007 6 26 0.02
2007 6 27 0.00
2007 6 29 0.09
2007 6 3 0.00
2007 6 30 0.00
2007 6 4 0.18
2007 6 5 0.00
2007 6 6 0.48
2007 6 7 0.00
2007 6 8 0.07
2007 6 9 0.00
2007 7 10 0.00
2007 7 11 1.16
2007 7 12 0.00
2007 7 13 0.43
2007 7 14 0.76
2007 7 16 0.01
2007 7 17 0.00
2007 7 19 0.00
2007 7 2 0.55
2007 7 20 0.01
2007 7 21 0.01
2007 7 22 0.22
2007 7 23 0.22
2007 7 24 0.00
2007 7 26 0.00
2007 7 28 0.04
2007 7 29 0.09
2007 7 3 0.55
2007 7 30 0.00
2007 7 31 0.10
2007 7 4 0.00
2007 7 5 0.12
2007 7 8 0.01
2007 7 9 0.02
2007 8 10 0.44
2007 8 11 0.00
2007 8 12 0.23
2007 8 13 0.00
2007 8 14 0.04
2007 8 15 0.40
2007 8 16 0.00
2007 8 18 0.04
2007 8 19 0.00
2007 8 2 0.13
2007 8 21 0.08
2007 8 22 1.18
2007 8 23 0.00
2007 8 24 1.20
2007 8 25 0.42
2007 8 26 1.12
2007 8 27 0.09
2007 8 28 2.68
2007 8 29 0.00
2007 8 3 0.00
2007 8 30 0.14
2007 8 31 0.42
2007 8 4 0.00
2007 8 5 0.00
2007 8 9 0.00
2007 9 1 0.63
2007 9 10 0.00
2007 9 11 0.39
2007 9 12 0.20
2007 9 13 0.00
2007 9 14 0.13
2007 9 15 0.00
2007 9 16 0.56
2007 9 17 1.17
2007 9 18 0.00
2007 9 19 0.96
2007 9 20 0.14
2007 9 21 1.32
2007 9 22 0.16
2007 9 24 0.07
2007 9 25 0.20
2007 9 26 0.00
2007 9 27 0.35
2007 9 28 0.00
2007 9 29 0.14
2007 9 3 0.00
2007 9 30 0.48
2007 9 4 2.30
2007 9 5 0.00
2007 9 6 0.49
2007 9 7 0.82
2007 9 8 0.00
2007 9 9 0.03
2008 1 1 0.00
2008 1 10 0.00
2008 1 11 0.00
2008 1 12 0.01
2008 1 13 0.00
2008 1 14 0.00
2008 1 15 0.00
2008 1 17 0.03
2008 1 18 0.00
2008 1 2 0.00
2008 1 21 0.00
2008 1 23 0.00
2008 1 24 0.00
2008 1 28 0.00
2008 1 29 0.00
2008 1 30 0.00
2008 1 31 0.00
2008 1 4 0.00
2008 1 5 0.00
2008 1 6 0.00
2008 1 9 0.00
2008 2 11 0.00
2008 2 12 0.00
2008 2 13 0.00
2008 2 14 0.00
2008 2 15 0.00
2008 2 19 0.51
2008 2 20 0.00
2008 2 25 0.00
2008 2 28 0.00
2008 2 29 0.00
2008 2 4 0.00
2008 2 5 0.00
2008 2 7 0.13
2008 2 8 0.00
2008 2 9 0.00
2008 3 1 0.00
2008 3 10 0.00
2008 3 12 0.00
2008 3 21 0.00
2008 3 28 0.00
2008 3 5 0.00
2008 3 6 0.00
2008 3 8 0.00
2012 10 1 0.08
2012 10 10 0.02
2012 10 11 0.02
2012 10 12 0.00
2012 10 15 0.54
2012 10 16 0.02
2012 10 17 0.52
2012 10 18 1.38
2012 10 19 0.36
2012 10 2 0.00
2012 10 22 0.35
2012 10 23 0.04
2012 10 24 2.25
2012 10 25 0.71
2012 10 26 1.13
2012 10 29 0.00
2012 10 3 0.20
2012 10 30 0.00
2012 10 4 0.01
2012 10 5 0.04
2012 10 8 0.00
2012 10 9 0.17
2012 11 1 0.00
2012 11 13 0.27
2012 11 14 0.00
2012 11 15 0.03
2012 11 16 0.02
2012 11 19 0.00
2012 11 2 0.08
2012 11 21 0.01
2012 11 22 0.04
2012 11 23 0.00
2012 11 26 0.06
2012 11 27 0.01
2012 11 28 0.00
2012 11 29 0.01
2012 11 30 0.14
2012 11 5 0.00
2012 11 6 0.00
2012 11 7 1.28
2012 11 8 0.01
2012 11 9 0.02
2012 12 10 0.00
2012 12 11 0.00
2012 12 12 0.00
2012 12 13 0.00
2012 12 14 0.00
2012 12 17 0.00
2012 12 19 0.00
2012 12 21 0.00
2012 12 3 0.00
2012 12 5 0.34
2012 12 6 0.02
2012 12 7 0.00
2012 4 13 0.00
2012 4 17 0.46
2012 4 18 0.46
2012 4 19 0.02
2012 4 20 0.11
2012 4 23 0.30
2012 4 24 0.00
2012 4 25 0.00
2012 4 30 0.01
2012 5 1 0.01
2012 5 10 0.34
2012 5 11 0.07
2012 5 14 0.03
2012 5 15 0.15
2012 5 16 0.71
2012 5 17 0.09
2012 5 18 0.00
2012 5 2 0.98
2012 5 21 0.40
2012 5 22 0.03
2012 5 23 0.00
2012 5 24 0.00
2012 5 25 0.01
2012 5 26 0.28
2012 5 28 0.00
2012 5 29 0.35
2012 5 3 0.07
2012 5 30 0.36
2012 5 31 1.23
2012 5 4 0.02
2012 5 7 0.06
2012 5 8 0.02
2012 5 9 0.05
2012 6 1 1.30
2012 6 10 1.81
2012 6 12 0.79
2012 6 13 0.90
2012 6 14 0.26
2012 6 15 0.72
2012 6 16 0.59
2012 6 17 0.01
2012 6 18 0.10
2012 6 19 0.09
2012 6 2 0.09
2012 6 20 0.01
2012 6 22 0.16
2012 6 23 0.18
2012 6 24 0.24
2012 6 26 0.01
2012 6 27 0.34
2012 6 28 0.02
2012 6 29 0.00
2012 6 3 0.43
2012 6 30 0.38
2012 6 4 0.00
2012 6 5 0.10
2012 6 6 0.13
2012 6 7 0.62
2012 6 8 0.00
2012 6 9 0.00
2012 7 1 0.00
2012 7 11 0.62
2012 7 12 0.00
2012 7 13 1.30
2012 7 14 1.13
2012 7 15 0.02
2012 7 16 0.00
2012 7 17 0.00
2012 7 18 0.01
2012 7 19 0.46
2012 7 2 0.00
2012 7 20 0.00
2012 7 21 0.04
2012 7 22 0.00
2012 7 23 0.03
2012 7 25 0.48
2012 7 26 0.00
2012 7 28 0.91
2012 7 29 1.09
2012 7 3 0.00
2012 7 30 0.11
2012 7 31 0.01
2012 7 5 0.11
2012 7 6 0.01
2012 7 7 0.00
2012 7 8 0.21
2012 7 9 0.00
2012 8 1 0.15
2012 8 10 0.31
2012 8 13 0.02
2012 8 14 0.12
2012 8 15 1.02
2012 8 16 1.18
2012 8 17 1.18
2012 8 2 0.24
2012 8 20 1.05
2012 8 21 0.08
2012 8 22 0.02
2012 8 23 1.48
2012 8 24 0.41
2012 8 27 0.00
2012 8 28 0.22
2012 8 29 0.01
2012 8 3 0.26
2012 8 30 0.00
2012 8 31 0.99
2012 8 5 0.00
2012 8 6 0.00
2012 8 7 1.05
2012 8 8 1.13
2012 8 9 0.22
2012 9 10 0.17
2012 9 11 0.09
2012 9 12 0.07
2012 9 13 0.00
2012 9 14 0.35
2012 9 17 1.24
2012 9 18 0.02
2012 9 19 0.00
2012 9 20 0.97
2012 9 21 0.02
2012 9 24 0.15
2012 9 25 0.02
2012 9 26 0.26
2012 9 27 0.07
2012 9 28 1.88
2012 9 3 0.11
2012 9 4 0.00
2012 9 5 0.59
2012 9 6 0.47
2012 9 7 0.85
2013 1 15 0.00
2013 1 16 0.00
2013 1 17 0.00
2013 1 18 0.00
2013 1 21 0.00
2013 1 22 0.00
2013 1 23 0.00
2013 1 24 0.00
2013 1 25 0.00
2013 1 28 0.00
2013 1 29 0.00
2013 1 30 0.00
2013 1 31 0.00
2013 10 1 1.48
2013 10 10 0.02
2013 10 11 0.07
2013 10 14 0.04
2013 10 15 0.00
2013 10 16 0.02
2013 10 17 1.34
2013 10 18 0.00
2013 10 2 1.65
2013 10 21 1.26
2013 10 22 0.79
2013 10 23 1.07
2013 10 24 1.04
2013 10 25 0.23
2013 10 28 0.00
2013 10 29 0.94
2013 10 3 0.08
2013 10 30 0.08
2013 10 4 0.02
2013 10 7 2.24
2013 10 8 0.26
2013 10 9 0.00
2013 11 1 0.11
2013 11 11 0.00
2013 11 13 0.00
2013 11 14 0.15
2013 11 15 0.45
2013 11 18 0.00
2013 11 19 0.00
2013 11 22 0.00
2013 11 25 0.00
2013 11 27 0.28
2013 11 28 0.00
2013 11 29 0.26
2013 11 4 0.01
2013 11 5 0.00
2013 11 6 0.02
2013 11 7 0.00
2013 11 8 0.23
2013 12 2 0.00
2013 12 3 0.00
2013 12 5 0.00
2013 2 1 0.00
2013 2 12 0.00
2013 2 13 0.00
2013 2 14 0.18
2013 2 15 0.00
2013 2 18 0.00
2013 2 19 0.00
2013 2 20 0.00
2013 2 21 0.00
2013 2 22 0.00
2013 2 26 0.23
2013 2 27 0.00
2013 2 28 0.03
2013 2 4 0.00
2013 2 5 0.00
2013 2 6 0.00
2013 2 7 0.00
2013 2 8 0.00
2013 3 1 0.00
2013 3 11 0.00
2013 3 12 0.00
2013 3 13 0.00
2013 3 14 0.00
2013 3 15 0.00
2013 3 18 0.00
2013 3 19 0.00
2013 3 2 0.00
2013 3 22 0.09
2013 3 3 0.00
2013 3 4 0.00
2013 3 5 0.00
2013 3 7 0.00
2013 3 8 0.00
2013 4 10 0.00
2013 4 12 0.97
2013 4 16 0.00
2013 4 17 0.00
2013 4 19 0.10
2013 4 2 0.05
2013 4 22 0.12
2013 4 23 1.17
2013 4 24 0.00
2013 4 25 0.00
2013 4 26 0.00
2013 4 29 0.00
2013 4 4 0.10
2013 4 5 1.10
2013 4 8 0.00
2013 4 9 0.00
2013 5 10 0.74
2013 5 13 0.00
2013 5 14 0.00
2013 5 15 0.00
2013 5 16 0.00
2013 5 17 0.00
2013 5 2 0.29
2013 5 20 0.36
2013 5 21 0.00
2013 5 22 0.09
2013 5 23 0.39
2013 5 24 0.29
2013 5 27 0.08
2013 5 28 0.10
2013 5 29 0.01
2013 5 3 0.01
2013 5 30 1.29
2013 5 31 0.90
2013 5 7 0.01
2013 5 8 0.00
2013 6 11 0.08
2013 6 12 0.08
2013 6 13 0.04
2013 6 14 0.09
2013 6 17 0.33
2013 6 18 0.05
2013 6 19 2.81
2013 6 20 1.07
2013 6 21 0.00
2013 6 25 0.24
2013 6 26 0.27
2013 6 27 0.05
2013 6 28 0.02
2013 6 3 0.00
2013 6 4 11.08
2013 6 5 1.45
2013 6 6 0.20
2013 6 7 1.52
2013 7 1 0.02
2013 7 11 0.01
2013 7 12 0.00
2013 7 15 0.08
2013 7 16 0.00
2013 7 18 0.78
2013 7 19 0.01
2013 7 2 0.00
2013 7 22 0.63
2013 7 23 0.04
2013 7 24 0.04
2013 7 25 0.00
2013 7 26 0.31
2013 7 29 0.21
2013 7 3 0.10
2013 7 30 0.01
2013 7 4 0.00
2013 7 5 0.11
2013 7 8 0.00
2013 7 9 0.00
2013 8 12 0.02
2013 8 13 0.09
2013 8 14 0.04
2013 8 15 0.02
2013 8 16 0.06
2013 8 19 0.00
2013 8 2 0.28
2013 8 20 0.04
2013 8 21 0.22
2013 8 22 0.00
2013 8 23 0.59
2013 8 26 0.03
2013 8 27 0.00
2013 8 28 1.03
2013 8 29 0.00
2013 8 30 0.00
2013 8 6 0.00
2013 8 7 0.00
2013 8 8 0.00
2013 9 10 0.67
2013 9 11 1.29
2013 9 12 0.57
2013 9 13 0.00
2013 9 16 0.09
2013 9 17 0.69
2013 9 18 0.09
2013 9 19 1.11
2013 9 2 0.61
2013 9 20 0.00
2013 9 23 0.93
2013 9 24 0.03
2013 9 25 0.15
2013 9 26 0.00
2013 9 27 0.49
2013 9 3 0.26
2013 9 30 0.35
2013 9 4 0.40
2013 9 5 0.00
2013 9 6 2.17
2013 9 9 0.01
2014 1 13 0.00
2014 1 14 0.00
2014 1 15 0.00
2014 1 16 0.00
2014 1 20 0.02
2014 1 21 0.03
2014 1 22 0.00
2014 1 23 0.00
2014 1 27 0.00
2014 1 28 0.00
2014 1 29 0.00
2014 1 30 0.00
2014 1 31 0.00
2014 10 1 0.00
2014 10 10 0.00
2014 10 13 1.57
2014 10 14 2.35
2014 10 15 0.24
2014 10 16 0.13
2014 10 17 0.33
2014 10 2 0.05
2014 10 20 0.39
2014 10 22 0.03
2014 10 23 0.15
2014 10 24 0.04
2014 10 27 0.07
2014 10 28 0.01
2014 10 29 0.37
2014 10 3 0.02
2014 10 30 0.52
2014 10 31 0.00
2014 10 6 0.00
2014 10 7 0.71
2014 10 8 0.33
2014 10 9 0.32
2014 11 10 0.02
2014 11 11 0.46
2014 11 12 0.44
2014 11 13 0.00
2014 11 17 0.06
2014 11 18 0.01
2014 11 19 0.00
2014 11 20 0.00
2014 11 21 0.02
2014 11 25 0.02
2014 11 26 0.05
2014 11 27 0.00
2014 11 28 0.09
2014 11 3 0.19
2014 11 4 0.04
2014 11 5 0.00
2014 11 6 0.12
2014 11 7 0.02
2014 12 1 0.00
2014 12 2 0.00
2014 12 3 0.00
2014 12 5 0.00
2014 2 10 0.00
2014 2 11 0.00
2014 2 13 0.00
2014 2 14 0.00
2014 2 17 0.00
2014 2 18 0.00
2014 2 19 0.00
2014 2 20 0.00
2014 2 21 0.00
2014 2 24 0.00
2014 2 25 0.00
2014 2 26 0.00
2014 2 27 0.00
2014 2 28 0.00
2014 2 3 0.00
2014 2 4 0.00
2014 2 6 0.00
2014 2 7 0.00
2014 3 10 0.02
2014 3 11 0.03
2014 3 12 0.00
2014 3 14 0.00
2014 3 17 0.00
2014 3 18 0.00
2014 3 19 0.00
2014 3 20 0.00
2014 3 21 0.00
2014 3 24 0.00
2014 3 25 0.00
2014 3 26 0.00
2014 3 27 0.00
2014 3 28 0.00
2014 3 3 0.00
2014 3 31 0.00
2014 3 4 0.00
2014 3 6 0.00
2014 3 7 0.20
2014 4 1 0.00
2014 4 11 0.00
2014 4 2 0.00
2014 4 21 0.00
2014 4 24 0.00
2014 4 25 0.00
2014 4 28 0.03
2014 4 29 0.45
2014 4 3 0.00
2014 4 30 0.17
2014 4 4 0.00
2014 4 9 0.00
2014 5 1 0.17
2014 5 12 0.00
2014 5 13 0.26
2014 5 14 0.00
2014 5 15 0.00
2014 5 16 0.00
2014 5 2 0.66
2014 5 20 0.00
2014 5 23 0.13
2014 5 26 0.00
2014 5 28 0.05
2014 5 29 0.00
2014 5 30 0.03
2014 5 5 0.01
2014 5 6 0.00
2014 5 7 0.19
2014 5 8 1.63
2014 5 9 1.60
2014 6 10 0.01
2014 6 11 0.00
2014 6 13 0.78
2014 6 18 0.43
2014 6 19 0.12
2014 6 2 0.97
2014 6 20 0.20
2014 6 23 0.06
2014 6 24 0.07
2014 6 25 0.00
2014 6 26 1.61
2014 6 27 0.00
2014 6 3 0.86
2014 6 30 0.00
2014 6 4 0.55
2014 6 5 2.83
2014 6 6 0.69
2014 6 9 0.02
2014 7 1 0.00
2014 7 10 0.00
2014 7 16 0.00
2014 7 17 0.00
2014 7 18 0.04
2014 7 22 0.20
2014 7 23 0.00
2014 7 24 0.00
2014 7 28 0.00
2014 7 29 0.00
2014 7 30 0.06
2014 7 31 0.00
2014 7 4 0.00
2014 7 7 0.01
2014 7 8 0.00
2014 7 9 0.00
2014 8 1 0.01
2014 8 11 0.45
2014 8 12 0.22
2014 8 13 0.00
2014 8 14 0.00
2014 8 15 0.00
2014 8 18 0.01
2014 8 19 0.09
2014 8 20 0.00
2014 8 21 0.37
2014 8 22 0.00
2014 8 25 0.00
2014 8 26 1.37
2014 8 27 0.05
2014 8 28 0.28
2014 8 29 1.20
2014 8 4 0.05
2014 8 5 0.00
2014 8 8 0.02
2014 9 1 0.00
2014 9 10 0.00
2014 9 11 0.51
2014 9 12 0.74
2014 9 15 0.04
2014 9 16 0.09
2014 9 17 0.35
2014 9 18 0.01
2014 9 19 0.35
2014 9 22 0.38
2014 9 23 0.32
2014 9 24 0.14
2014 9 25 0.07
2014 9 26 1.69
2014 9 29 0.00
2014 9 3 0.53
2014 9 30 0.83
2014 9 4 0.00
2014 9 5 0.00
2014 9 8 0.24
2014 9 9 0.60
2015 1 26 0.00
2015 1 27 0.00
2015 1 29 0.00
2015 1 30 0.00
2015 10 1 0.59
2015 2 10 0.03
2015 2 11 0.11
2015 2 12 0.00
2015 2 13 0.00
2015 2 16 0.00
2015 2 17 0.00
2015 2 18 0.00
2015 2 2 0.00
2015 2 23 0.00
2015 2 24 0.00
2015 2 26 0.00
2015 2 27 0.00
2015 2 3 0.00
2015 2 4 0.00
2015 2 5 0.00
2015 2 6 0.00
2015 2 9 0.01
2015 3 10 0.00
2015 3 11 0.00
2015 3 12 0.00
2015 3 13 0.00
2015 3 16 0.00
2015 3 17 0.00
2015 3 18 0.00
2015 3 19 0.00
2015 3 2 0.00
2015 3 23 0.00
2015 3 25 0.00
2015 3 26 0.00
2015 3 27 0.00
2015 3 3 0.00
2015 3 4 0.00
2015 3 5 0.00
2015 3 6 0.00
2015 3 9 0.00
2015 4 10 0.00
2015 4 14 0.06
2015 4 15 0.00
2015 4 16 0.00
2015 4 17 0.00
2015 4 20 0.00
2015 4 21 0.00
2015 4 23 0.00
2015 4 24 0.00
2015 4 29 0.00
2015 4 30 0.01
2015 4 6 0.00
2015 4 7 0.00
2015 4 8 0.00
2015 4 9 0.00
2015 5 1 0.10
2015 5 11 0.00
2015 5 12 0.00
2015 5 13 0.00
2015 5 14 0.00
2015 5 15 0.00
2015 5 18 0.25
2015 5 19 0.00
2015 5 20 0.13
2015 5 21 0.12
2015 5 25 0.27
2015 5 26 0.31
2015 5 27 0.37
2015 5 28 0.00
2015 5 29 0.00
2015 5 5 0.01
2015 5 6 0.00
2015 5 7 0.11
2015 5 8 0.41
2015 6 1 0.07
2015 6 10 0.29
2015 6 11 0.00
2015 6 12 0.10
2015 6 15 0.00
2015 6 16 0.00
2015 6 19 0.00
2015 6 2 0.00
2015 6 22 0.08
2015 6 23 0.02
2015 6 24 0.00
2015 6 25 0.00
2015 6 29 0.02
2015 6 30 0.00
2015 6 4 1.30
2015 6 5 2.90
2015 6 8 0.16
2015 6 9 0.11
2015 7 1 0.00
2015 7 10 0.33
2015 7 13 0.00
2015 7 14 1.39
2015 7 2 0.00
2015 7 23 0.04
2015 7 27 0.00
2015 7 29 0.01
2015 7 3 0.00
2015 7 30 0.41
2015 7 31 0.00
2015 7 6 0.20
2015 7 7 0.59
2015 7 8 0.65
2015 7 9 0.66
2015 8 10 0.00
2015 8 11 0.54
2015 8 12 0.89
2015 8 13 0.00
2015 8 17 0.02
2015 8 18 0.00
2015 8 19 0.00
2015 8 21 0.00
2015 8 24 0.08
2015 8 25 0.00
2015 8 26 0.00
2015 8 27 0.00
2015 8 28 0.00
2015 8 3 0.00
2015 8 31 0.80
2015 8 5 0.00
2015 8 6 0.00
2015 8 7 0.00
2015 9 1 0.97
2015 9 10 0.06
2015 9 11 0.54
2015 9 14 1.16
2015 9 15 0.00
2015 9 16 0.11
2015 9 17 0.00
2015 9 18 0.54
2015 9 2 0.00
2015 9 21 0.00
2015 9 22 1.33
2015 9 23 0.19
2015 9 24 0.10
2015 9 25 0.16
2015 9 28 0.94
2015 9 29 0.48
2015 9 3 0.19
2015 9 30 0.07
2015 9 4 0.21
2015 9 7 0.14
2015 9 8 0.01
